-39
51
-35
6
0000000000000000000000000000000000000000000000000000000000000000000000000000000000000000000
1000000000000000000000000000000000000000000000000000000000000000000000000000000000000000010
0000000000000000000000000000000000000000000000000000000000000000000000000000000000000000000
0000000000000000000000000000000000000000000000000000000000000000000000000000000000000000000
0000000000000000000000000000000000000000000000000000000000000000000000000000000000000000000
0000000000000000000000000000000000000000000000000000000000000000000000000000000000000000000
0000000000000000000000000000000000000000000000000000000000000000000000000000000000000000000
0000000000000000000000000000000000000000000000000000000000000000000000000000000000000000000
0000000000000000000000000000000000000000000000000000000000000000000000000000000000000000000
0000000000000000000000000000000000000000000000000000000000000000000000000000000000000000000
0000000000000000000000000000000000000000001000000000000000000000000000000000000000000000000
0000000000000000000010000000001000000000001000000000000000000000000000000000000000000000000
0000000000000000000010000000001000000000001000000000000000000000000000000000000000000000000
0000000000000000000010000000001000000000001000000000000000000000000000000000000000000000000
0000000000000000000010111110001000000000001000000000000000000000000000000000000000000000000
0000000000000000000010000000001000000000001000000000000000000000000000000000000000000000000
0000000000000000000010000000001000000000001000000000000000000000000000000000000000000000000
0000000000000000000010000000001001111111101000000000000000000000000000000000000000000000000
0000000000000000000010000000001000000000001000000000000000000000000000000000000000000000000
0000000000000000000010000000001000000000001000000000000000000000000000000000000000000000000
0000000000000000000010000000001000000000001000000000000000000000000000000000000000000000000
0000000000000000000010000000001000000000001000000000000000000000000000000000000000000000000
0000000000000000000010000000001000000000001000000000000000000000000000000000000000000000000
0000000000000000000010000000001000000000001000000000000000000000000000000000000000000000000
0000000000000000000010000000000000000000001000000000000000000000000000000000000000000000000
0000000000000000000010000000000000000000000000000000000000000000000000000000000000000000000
0000000000000000000011111111111111111111111000000000000000000000000000000000000000000000000
0000000000000000000000000000000000000000000000000000000000000000000000000000000000000000000
0000000000000000000000000000000000000000000000000000000000000000000000000000000000000000000
0000000000000000000000000000000000000000000000000000000000000000000000000000000000000000000
0000000000000000000000000000000000000000000000000000000000000000000000000000000000000000000
0000000000000000000000000000000000000000000000000000000000000000000000000000000000000000000
0000000000000000000000000000000000000000000000000000000000000000000000000000000000000000000
0000000000000000000000000000000000000000000000000000000000000000000000000000000000000000000
0000000000000000000000000000000000000000000000000000000000000000000000000000000000000000000
0000000000000000000000000000000000000000000000000000000000000000000000000000000000000000000
0000000000000000000000000000000000000000000000000000000000000000000000000000000000000000000
0000000000000000000000000000000000000000000000000000000000000000000000000000000000000000000
0000000000000000000000000000000000000000000000000000000000000000000000000000000000000000000
0000000000000000000000000000000000000000000000000000000000000000000000000000000000000000000
0000000000000000000000000000000000000000000000000000000000000000000000000000000000000000000
1000000000000000000000000000000000000000000000000000000000000000000000000000000000000000010
